3
3194807 6259570 8691471 
7191382
2277518 7986522 7559531 
95464637
6760025 7781182 4859191 
74645657

5
76 14 21 
91
68 13 59 
96
21 28 75 
92
76 75 27 
52
24 64 70 
42

3
38 87 76 
28
57 44 65 
59
33 15 89 
40

1
87 78 67 
87

2
54 66 32 
99
1 76 43 
100

5
40 46 34 
43
81 76 47 
61
12 51 94 
27
70 87 73 
21
83 66 21 
73

5
40 70 6 
3
4 27 24 
77
8 4 44 
30
62 5 94 
47
46 15 65 
2

4
15 19 48 
49
4 35 10 
94
86 5 98 
46
43 58 45 
19

